# cline: mcl /rhome/schan131/Gen220-Protein-team-1/Pseudomonas/OrthoFinder/Results_Nov25_1/WorkingDirectory/OrthoFinder_graph.txt "-I" "1.5" "-o" "/rhome/schan131/Gen220-Protein-team-1/Pseudomonas/OrthoFinder/Results_Nov25_1/WorkingDirectory/clusters_OrthoFinder_I1.5.txt" "-te" "8" "-V" "all"
(mclheader
mcltype matrix
dimensions 445x281
)
(mclmatrix
begin
0   4 66 167 184 186 315 335 408 436 $
1   52 103 150 158 163 164 430 434 $
2   8 61 94 193 232 253 382 $
3   89 137 170 305 385 433 $
4   20 32 87 284 363 $
5   142 143 308 309 338 $
6   1 156 326 327 $
7   7 38 210 403 $
8   43 235 236 406 $
9   82 201 211 356 $
10  104 165 415 437 $
11  106 180 348 399 $
12  9 285 398 $
13  11 310 427 $
14  14 304 340 $
15  21 116 258 $
16  37 278 365 $
17  41 397 416 $
18  49 58 147 $
19  50 117 157 $
20  55 297 420 $
21  73 256 390 $
22  79 289 362 $
23  81 281 410 $
24  86 128 252 $
25  93 192 413 $
26  100 181 425 $
27  105 303 342 $
28  113 298 422 $
29  122 296 419 $
30  126 176 426 $
31  130 131 174 $
32  135 172 438 $
33  140 316 432 $
34  144 145 161 $
35  146 160 331 $
36  148 319 383 $
37  229 333 380 $
38  307 336 366 $
39  2 388 $
40  6 259 $
41  15 226 $
42  19 196 $
43  35 317 $
44  45 248 $
45  47 154 $
46  53 231 $
47  54 370 $
48  62 265 $
49  74 260 $
50  78 288 $
51  88 293 $
52  92 182 $
53  98 352 $
54  102 311 $
55  108 198 $
56  112 115 $
57  127 175 $
58  132 341 $
59  139 330 $
60  149 159 $
61  152 323 $
62  155 328 $
63  169 183 $
64  171 439 $
65  173 332 $
66  179 440 $
67  188 189 $
68  190 414 $
69  191 205 $
70  194 353 $
71  208 361 $
72  209 404 $
73  214 423 $
74  217 407 $
75  222 386 $
76  223 378 $
77  227 396 $
78  233 400 $
79  237 381 $
80  246 402 $
81  247 369 $
82  254 391 $
83  261 339 $
84  264 269 $
85  271 373 $
86  273 372 $
87  279 359 $
88  286 387 $
89  291 364 $
90  300 424 $
91  302 344 $
92  313 337 $
93  318 374 $
94  324 443 $
95  334 394 $
96  442 444 $
97  0 $
98  3 $
99  5 $
100 10 $
101 12 $
102 13 $
103 16 $
104 17 $
105 18 $
106 22 $
107 23 $
108 24 $
109 25 $
110 26 $
111 27 $
112 28 $
113 29 $
114 30 $
115 31 $
116 33 $
117 34 $
118 36 $
119 39 $
120 40 $
121 42 $
122 44 $
123 46 $
124 48 $
125 51 $
126 56 $
127 57 $
128 59 $
129 60 $
130 63 $
131 64 $
132 65 $
133 67 $
134 68 $
135 69 $
136 70 $
137 71 $
138 72 $
139 75 $
140 76 $
141 77 $
142 80 $
143 83 $
144 84 $
145 85 $
146 90 $
147 91 $
148 95 $
149 96 $
150 97 $
151 99 $
152 101 $
153 107 $
154 109 $
155 110 $
156 111 $
157 114 $
158 118 $
159 119 $
160 120 $
161 121 $
162 123 $
163 124 $
164 125 $
165 129 $
166 133 $
167 134 $
168 136 $
169 138 $
170 141 $
171 151 $
172 153 $
173 162 $
174 166 $
175 168 $
176 177 $
177 178 $
178 185 $
179 187 $
180 195 $
181 197 $
182 199 $
183 200 $
184 202 $
185 203 $
186 204 $
187 206 $
188 207 $
189 212 $
190 213 $
191 215 $
192 216 $
193 218 $
194 219 $
195 220 $
196 221 $
197 224 $
198 225 $
199 228 $
200 230 $
201 234 $
202 238 $
203 239 $
204 240 $
205 241 $
206 242 $
207 243 $
208 244 $
209 245 $
210 249 $
211 250 $
212 251 $
213 255 $
214 257 $
215 262 $
216 263 $
217 266 $
218 267 $
219 268 $
220 270 $
221 272 $
222 274 $
223 275 $
224 276 $
225 277 $
226 280 $
227 282 $
228 283 $
229 287 $
230 290 $
231 292 $
232 294 $
233 295 $
234 299 $
235 301 $
236 306 $
237 312 $
238 314 $
239 320 $
240 321 $
241 322 $
242 325 $
243 329 $
244 343 $
245 345 $
246 346 $
247 347 $
248 349 $
249 350 $
250 351 $
251 354 $
252 355 $
253 357 $
254 358 $
255 360 $
256 367 $
257 368 $
258 371 $
259 375 $
260 376 $
261 377 $
262 379 $
263 384 $
264 389 $
265 392 $
266 393 $
267 395 $
268 401 $
269 405 $
270 409 $
271 411 $
272 412 $
273 417 $
274 418 $
275 421 $
276 428 $
277 429 $
278 431 $
279 435 $
280 441 $
)
